procs -----------memory---------- ---swap-- -----io---- -system-- ------cpu-----
 r  b   swpd   free   buff  cache   si   so    bi    bo   in   cs us sy id wa st
 0  0      0    322     14    441    0    0    94    70  380 1597  3  1 96  0  0
 1  0      0    322     14    441    0    0     0     0  153  313  0  0 100  0  0
 0  0      0    334     14    441    0    0     0     0  165  339  0  0 100  0  0
 0  0      0    334     14    441    0    0     0     0  143  284  0  0 100  0  0
 0  0      0    334     14    441    0    0     0     0  150  294  0  0 100  0  0
 0  0      0    334     14    441    0    0     0     0  146  293  0  0 100  0  0
 0  0      0    334     14    441    0    0     0     0  156  296  2  0 98  0  0
 0  0      0    334     14    441    0    0     0     0  144  283  0  0 100  0  0
 0  0      0    334     14    441    0    0     0     0  145  295  0  0 100  0  0
 0  0      0    334     14    441    0    0     0     0  147  294  0  0 100  0  0
 0  0      0    334     14    441    0    0     0     0  153  294  0  0 100  0  0
 1  0      0    334     14    441    0    0     0   148  149  295  1  0 99  0  0
 0  0      0    334     14    441    0    0     0     0  150  292  0  0 100  0  0
 0  0      0    334     14    441    0    0     0     0  147  287  2  0 98  0  0
 0  0      0    334     14    441    0    0     0     0  150  293  0  0 100  0  0
 1  0      0    315     14    441    0    0     0     0  442 2258 54  2 44  0  0
 0  0      0    271     14    441    0    0     0     0  503 1781 69  2 29  0  0
 5  0      0    265     14    441    0    0   104     0 2673 7352 84  5 11  0  0
 5  0      0    214     14    441    0    0     0     0 6011 17103 89 11  0  0  0
 3  0      0    165     14    441    0    0     0     0 7330 20831 85 15  0  0  0
 3  0      0    165     14    441    0    0     0     0 8123 30779 86 14  0  0  0
 3  0      0    137     14    441    0    0     0     0 9440 37436 78 22  0  0  0
 3  0      0    137     14    441    0    0     0     0 10650 41980 81 19  0  0  0
 1  0      0    136     14    441    0    0     0     0 7164 28671 82 18  0  0  0
 1  0      0    136     14    441    0    0     0     0 2884 11080 53  7 40  0  0
 3  0      0    135     14    441    0    0     0    72 6490 25185 54 18 28  0  0
 0  0      0    135     14    441    0    0     0     0 4812 19645 56 10 34  0  0
 0  0      0    134     14    441    0    0     0     0 2476 9943 36  5 59  0  0
 3  0      0    134     14    441    0    0     0     0 2248 8526 13  7 80  0  0
 0  0      0    134     14    441    0    0     0     0 4362 17132 35  8 57  0  0
 4  0      0    133     14    441    0    0     0     0 3754 13919 43  8 48  0  0
 0  0      0    133     14    441    0    0     0     0 5572 23842 47 11 41  0  0
 1  0      0    133     14    441    0    0     0     0 1363 4501 81  3 16  0  0
 0  0      0    133     14    441    0    0     0     0 5350 22396 74 10 16  0  0
 0  0      0    133     14    441    0    0     0     0 1930 11854 25  4 71  0  0
 0  0      0    133     14    441    0    0     0     4 2517 13613 24  4 72  0  0
 0  0      0    133     14    441    0    0     0     0 4163 33331 41 15 43  0  0
 0  0      0    133     14    441    0    0     0     0 1151 5170  9  2 89  0  0
 0  0      0    133     14    441    0    0     0     0  877 4738  7  1 92  0  0
 5  0      0    133     14    441    0    0     0     0 1954 11369 10  6 84  0  0
 0  0      0    133     14    441    0    0     0     0 1755 9951 12  4 84  0  0
 0  0      0    133     15    441    0    0     0    52 2889 15152 15  8 77  0  0
 2  0      0    132     15    441    0    0     0     0  858 5209  4  5 90  0  1
 1  0      0    132     15    441    0    0     0     0 9310 47767 42 18 40  0  0
 1  0      0    132     15    441    0    0     0     0 2057 10553 10  6 84  0  0
 2  0      0    132     15    441    0    0     0   116 1806 9168  7  4 89  0  0
 0  0      0    132     15    441    0    0     0     0 6773 35513 29 16 55  0  0
 0  0      0    132     15    441    0    0     0     0 1953 9567 10  4 86  0  0
 1  0      0    132     15    441    0    0     0     0  410 2631  4  0 96  0  0
 0  0      0    132     15    441    0    0     0     0 1349 33594 31  7 62  0  0
 1  0      0    132     15    441    0    0     0     0 4475 29904 41 12 47  0  0
 3  0      0    132     15    441    0    0     0     0 1951 9586 23  5 72  0  0
 0  0      0    132     15    441    0    0     0     0 3164 18135 11  8 81  0  0
 0  0      0    132     15    441    0    0     0     0 1547 8629  5  2 93  0  0
 2  0      0    132     15    441    0    0     0     0  999 5877  4  4 92  0  0
 0  0      0    132     15    441    0    0     0    16 2469 15471 10  6 84  0  0
 0  0      0    132     15    441    0    0     0     0  427 3017  2  1 97  0  0
 0  0      0    132     15    441    0    0     0     0 2168 12086 20  6 74  0  0
 0  0      0    132     15    441    0    0     0     0 2013 11161  9  5 86  0  0
 0  0      0    132     15    441    0    0     0     0 5949 39194 31 14 54  0  1
 0  0      0    132     15    441    0    0     0     8 1611 13673 11  3 86  0  0
 0  0      0    130     15    441    0    0     0     0 1389 11875 18  3 79  0  0
 0  0      0    132     15    441    0    0     0     0 1219 7172  4  2 94  0  0
 0  0      0    132     15    441    0    0     0     0 2470 19079 13  9 78  0  0
 0  0      0    132     15    441    0    0     0     0 1174 6648 29  4 67  0  0
 0  0      0    132     15    441    0    0     0     0 2263 15766 14  2 84  0  0
 0  0      0    131     15    441    0    0     0     0 1398 12274 11  6 83  0  0
 2  0      0    131     15    441    0    0     0     0 3666 24369 15 11 74  0  0
 0  0      0    132     15    441    0    0     0     0 2137 23311 20  8 71  0  0
 0  0      0    132     15    441    0    0     0     0  866 5370  4  2 94  0  0
 0  0      0    132     15    441    0    0     0     8 1907 15514 10  6 84  0  0
 0  0      0    132     15    441    0    0     0    36 2725 23184 16  8 76  0  0
 0  0      0    132     15    441    0    0     0     0  694 5292  4  2 94  0  0
 0  0      0    131     15    441    0    0     0     0 3059 26604 15 11 74  0  0
 0  0      0    131     15    441    0    0     0     0  591 7368  2  3 95  0  0
 0  0      0    131     15    441    0    0     0     0  878 7081  5  2 93  0  0
 1  0      0    131     15    441    0    0     0     0  800 14771  6  5 89  0  0
 0  0      0    131     15    441    0    0     0     0 1416 9605  6  3 91  0  0
 1  0      0    132     15    441    0    0     0     0 1745 10425  5  6 89  0  0
 0  0      0    132     15    441    0    0     0     0 1963 13121  8  4 88  0  0
 0  0      0    132     15    441    0    0     0     0  692 8517  6  3 91  0  0
 0  0      0    132     15    441    0    0     0     0 6435 33502 37 15 48  0  0
 4  0      0    132     15    441    0    0     0     0 3682 23638 23  7 70  0  0
 0  0      0    132     15    441    0    0     0     0 2033 23393 14  9 76  0  1
 0  0      0    132     15    441    0    0     0     0  572 5338  3  2 95  0  0
 2  0      0    132     15    441    0    0     0    16 2384 16164  8  8 84  0  0
 0  0      0    132     15    441    0    0     0     0 3775 26011 13 11 76  0  0
 0  0      0    131     15    441    0    0     0     0 4017 34323 22 14 64  0  0
 3  0      0    131     15    441    0    0     0     0 2319 20615 13  5 81  0  0
 0  0      0    131     15    441    0    0     0     0 4435 30118 16 13 71  0  0
 0  0      0    131     15    441    0    0     0     0 3753 24149 14 12 74  0  0
 0  0      0    131     15    441    0    0     0     0 3001 20090 12  7 81  0  0
 0  0      0    131     15    441    0    0     0     0 3814 23667 13 10 77  0  0
 0  0      0    131     15    441    0    0     0     0 1902 15308 10  7 83  0  0
 0  0      0    131     15    441    0    0     0     0 2715 27338 15  8 77  0  0
 0  0      0    131     15    441    0    0     0     8 1311 26744 12  8 79  0  1
 0  0      0    131     15    441    0    0     0     0 2725 27094 17 11 70  0  3
 2  0      0    131     15    441    0    0     0     0  954 14621  4  8 88  0  0
 0  0      0    131     15    441    0    0     0     0 1137 19599 11  6 83  0  0
 0  0      0    129     15    441    0    0     0     0  731 23686 15  5 80  0  0
 0  0      0    129     15    441    0    0     0     0 1044 13807  7  4 89  0  0
 0  0      0    129     15    441    0    0     0    20  320 3573  2  0 98  0  0
 0  0      0    129     15    441    0    0     0     0 2078 22218 12  9 79  0  0
 0  0      0    129     15    441    0    0     0     0  580 23610 13  5 81  0  0
 0  0      0    129     15    441    0    0     0     0  334 4600  2  2 96  0  0
 0  0      0    129     15    441    0    0     0    16  731 6645  3  3 94  0  0
 0  0      0    129     15    441    0    0     0     0 1137 8851  1  6 93  0  0
 0  0      0    129     15    441    0    0     0     0 3280 19737  9 11 80  0  0
 1  0      0    129     15    441    0    0     0     0  715 3749  1  2 97  0  0
 4  0      0    129     15    441    0    0     0     0 2912 17295 15  6 79  0  0
 0  0      0    129     15    441    0    0     0     0 2314 15147 11  7 82  0  0
 0  0      0    129     15    441    0    0     0     0  574 3990  2  1 96  0  1
 0  0      0    129     15    441    0    0     0     0  757 5013  3  2 95  0  0
 0  0      0    129     15    441    0    0     0     0  998 7708  2  5 93  0  0
 0  0      0    129     15    441    0    0     0     0 3667 24034 14 10 76  0  0
 2  0      0    129     15    441    0    0     0    16 3083 19632 12 10 78  0  0
 0  0      0    129     15    441    0    0     0     0 1999 12036  6  4 90  0  0
 0  0      0    129     15    441    0    0     0     0 1425 9181  4  4 92  0  0
 4  0      0    129     15    441    0    0     0     0 3787 21891 12 10 78  0  0
 3  0      0    129     15    441    0    0     0     0 2845 16925 10  8 82  0  0
 0  0      0    129     15    441    0    0     0     0 1854 12049 10  4 86  0  0
 3  0      0    129     15    441    0    0     0     0 2462 18299 12  5 83  0  0
 0  0      0    129     15    441    0    0     0     0 2671 16335  9  6 85  0  0
 0  0      0    129     15    441    0    0     0     0  830 4672  4  1 95  0  0
 2  0      0    129     15    441    0    0     0     0 3290 19746 10 10 80  0  0
 0  0      0    129     15    441    0    0     0     0  871 5190  2  3 95  0  0
 0  0      0    129     15    441    0    0     0     0 1886 11762  9  3 88  0  0
 2  0      0    129     15    441    0    0     0     0 3175 17331 12  7 81  0  0
 0  0      0    129     15    441    0    0     0     0 3713 20293 34  7 59  0  0
 0  0      0    129     15    441    0    0     0     0  417 1958  2  1 97  0  0
 0  0      0    129     15    441    0    0     0     8  950 5926  2  2 96  0  0
 0  0      0    129     15    441    0    0     0    32 1559 22783 13  8 79  0  0
 0  0      0    129     15    441    0    0     0     0  421 12218  5  4 91  0  0
 0  0      0    129     15    441    0    0     0     0 1795 11445  6  5 89  0  0
 0  0      0    129     15    441    0    0     0     0 1589 9933  5  5 90  0  0
 0  0      0    129     15    441    0    0     0     0  789 4415  3  1 96  0  0
 0  0      0    129     15    441    0    0     0     0 4373 26779 14 13 73  0  0
 0  0      0    129     15    441    0    0     0     0 5599 34485 20 17 63  0  0
 0  0      0    129     15    441    0    0     0     0 3408 20464 14 10 76  0  0
 0  0      0    129     15    441    0    0     0     0 2083 15139 10  6 83  0  1
 0  0      0    129     15    441    0    0     0     4 1523 11102  7  3 90  0  0
 0  0      0    129     15    441    0    0     0     0 1339 9398  7  2 91  0  0
 1  0      0    129     15    441    0    0     0     0 3802 28766 16 11 73  0  0
 1  0      0    129     15    441    0    0     0     0 6980 46040 27 21 52  0  0
 0  0      0    129     15    441    0    0     0     0 3496 23427 12  9 79  0  0
 0  0      0    129     15    441    0    0     0    16 1899 11640  5  6 89  0  0
 0  0      0    127     15    441    0    0     0     0 1548 10595  8  5 87  0  0
 0  0      0    127     15    441    0    0     0     0 7146 47096 24 24 52  0  0
 0  0      0    127     15    441    0    0     0     0 4321 28502 24  9 66  0  0
 0  0      0    127     15    441    0    0     0     0 2377 16039  6  9 85  0  0
 0  0      0    127     15    441    0    0     0     0 3879 25343 15  9 76  0  0
 0  0      0    127     15    441    0    0     0     0  909 8863  5  3 92  0  0
 0  0      0    127     15    441    0    0     0     0 2942 18546 14  8 78  0  0
 0  0      0    127     15    441    0    0     0     0 1070 7667  2  4 94  0  0
 0  0      0    127     15    441    0    0     0     0  845 5026  4  0 96  0  0
 1  0      0    127     15    441    0    0     0     0 2241 19895 10  8 82  0  0
 0  0      0    127     15    441    0    0     0     0 1512 10842  7  3 89  0  1
 0  0      0    127     15    441    0    0     0     0 1156 9066  1  7 92  0  0
 0  0      0    127     15    441    0    0     0     0  840 6203  5  1 94  0  0
 0  0      0    127     15    441    0    0     0     0 1023 7828  5  3 92  0  0
 0  0      0    127     15    441    0    0     0     0 3323 28469 17  9 74  0  0
 0  0      0    127     15    441    0    0     0    20 1224 17833  8  7 84  1  0
 0  0      0    127     15    441    0    0     0     0  348 2419  0  1 99  0  0
 0  0      0    127     15    441    0    0     0     0 2173 14534  8  8 84  0  0
 0  0      0    127     15    441    0    0     0     0 2165 15030  7  7 86  0  0
 0  0      0    127     15    441    0    0     0    16 3165 18913 12  6 82  0  0
 0  0      0    127     15    441    0    0     0     0 1490 10344  7  4 89  0  0
 3  0      0    127     15    441    0    0     0     0 1381 12647  7  4 89  0  0
 0  0      0    127     15    441    0    0     0     0 1602 10532  6  5 89  0  0
 0  0      0    127     15    441    0    0     0     0 3345 22462 10 10 80  0  0
 0  0      0    127     15    441    0    0     0     0 1912 12013  4  8 88  0  0
 0  0      0    127     15    441    0    0     0     0 3773 28805 16 10 73  0  0
 0  0      0    127     15    441    0    0     0     0  306 1397  1  0 99  0  0
 0  0      0    127     15    441    0    0     0     0 1944 14249 11  5 84  0  0
 0  0      0    127     15    441    0    0     0     0  602 7356  4  2 94  0  0
 0  0      0    127     15    441    0    0     0    24 5712 33933 19 13 67  0  0
 1  0      0    127     15    441    0    0     0     0 2642 17637 12  7 81  0  0
 0  0      0    127     15    441    0    0     0     0  417 4472  2  1 97  0  0
 0  0      0    127     15    441    0    0     0     0  976 9587  6  4 90  0  0
 2  0      0    127     15    441    0    0     0     0  982 11980  7  3 90  0  0
 0  0      0    127     15    441    0    0     0     0 1051 10149  6  3 91  0  0
 0  0      0    127     15    441    0    0     0     0 1216 10008  4  3 93  0  0
 3  0      0    127     15    441    0    0     0     0 1634 12236  8  6 86  0  0
 0  0      0    127     15    441    0    0     0     0 4889 34348 19 13 68  0  0
 0  0      0    127     15    441    0    0     0     0 3505 25144 14 10 76  0  0
 3  0      0    127     15    441    0    0     0     0 1809 12852  7  4 88  0  1
 0  0      0    127     15    441    0    0     0     0 1270 10438  6  3 91  0  0
 0  0      0    127     15    441    0    0     0     0 1126 14675  8  5 87  0  0
 0  0      0    127     15    441    0    0     0     0 2165 16240  7  7 86  0  0
 0  0      0    127     15    441    0    0     0     0 1711 11123  5  7 88  0  0
 0  0      0    127     15    441    0    0     0     0 1341 7951  3  3 94  0  0
 0  0      0    127     15    441    0    0     0    32  873 5365  3  1 96  0  0
 0  0      0    127     15    441    0    0     0     0 1004 9265  5  4 91  0  0
 0  0      0    127     15    441    0    0     0     0 3319 22255 14  8 78  0  0
 0  0      0    127     15    441    0    0     0     0 2979 28953 16 11 73  0  0
 0  0      0    127     15    441    0    0     0     0 2063 15923  8  6 86  0  0
 0  0      0    127     15    441    0    0     0     0 3380 24652 13 12 75  0  0
 3  0      0    127     15    441    0    0     0     0 4685 31171 19 13 69  0  0
 0  0      0    127     15    441    0    0     0     0 1752 11755  8  3 89  0  0
 0  0      0    127     15    441    0    0     0     0 1788 12079  5  5 90  0  0
 3  0      0    127     15    441    0    0     0     8  418 4678  2  1 97  0  0
 0  0      0    127     15    441    0    0     0     0  880 7977  5  3 92  0  0
 0  0      0    127     15    441    0    0     0     0 3596 29720 17 10 73  0  0
 4  0      0    127     15    441    0    0     0     0  617 9939  4  3 93  0  0
 0  0      0    127     15    441    0    0     0     0 3238 23431 13 10 76  0  1
 0  0      0    127     15    441    0    0     0    16 3007 16894 11  8 81  0  0
 2  0      0    127     15    441    0    0     0     0 2252 14388  8  6 86  0  0
 0  0      0    127     15    441    0    0     0     0 2017 14747  6  7 87  0  0
 0  0      0    125     15    441    0    0     0     0 3746 22874 17  8 75  0  0
 0  0      0    125     15    441    0    0     0     0 1504 8237  5  2 93  0  0
 0  0      0    125     15    441    0    0     0     8 3590 21605 13  8 79  0  0
 0  0      0    125     15    441    0    0     0     0 4593 25077 13 13 74  0  0
 0  0      0    125     15    441    0    0     0     0 1413 8154  2  4 94  0  0
 0  0      0    125     15    441    0    0     0     0 1292 7019  3  4 93  0  0
 0  0      0    125     15    441    0    0     0     0  432 2849  3  1 96  0  0
 0  0      0    125     15    441    0    0     0     0  490 24539 13  7 80  0  0
 0  0      0    125     15    441    0    0     0     0 1092 17233  9  5 86  0  0
 0  0      0    125     15    441    0    0     0     0 1158 12081  7  3 90  0  0
 0  0      0    125     15    441    0    0     0     0 1157 11358  7  5 88  0  0
 0  0      0    125     15    441    0    0     0     0  423 12143  4  5 91  0  0
 0  0      0    125     15    441    0    0     0     0  517 16733  9  4 87  0  0
 0  0      0    125     15    441    0    0     0    36  367 11556  6  3 91  0  0
 0  0      0    125     15    441    0    0     0     0 1913 22324 13  7 80  0  0
 0  0      0    125     15    441    0    0     0     0  464 14385  7  4 89  0  0
 0  0      0    125     15    441    0    0     0     0  645 5459  4  1 95  0  0
 0  0      0    125     15    441    0    0     0    12  697 28781 16  9 75  0  0
 0  0      0    125     15    441    0    0     0     0  660 42774 23 12 64  0  0
 0  0      0    125     15    441    0    0     0     0  357 5143  1  3 96  0  0
 0  0      0    125     15    441    0    0     0     0  607 16890  7  7 85  0  1
 0  0      0    125     15    441    0    0     0     0  408 22475 12  6 82  0  0
 0  0      0    125     15    441    0    0     0     0  594 20108 11  5 84  0  0
 5  0      0    125     15    441    0    0     0     0 1668 19347 13  4 83  0  0
 0  0      0    125     15    441    0    0     0     0 1129 15939  8  5 87  0  0
 0  0      0    125     15    441    0    0     0     0 1639 13996  6  7 87  0  0
 2  0      0    125     15    441    0    0     0     0 1544 23070 14  6 79  0  0
 0  0      0    125     15    441    0    0     0    20 1531 28022 15 12 73  0  0
 0  0      0    125     15    441    0    0     0     0  891 9661  5  1 94  0  0
 0  0      0    125     15    441    0    0     0     0  375 3347  2  1 97  0  0
 0  0      0    125     15    441    0    0     0     0  708 7251  3  2 95  0  0
 0  0      0    125     15    441    0    0     0     0  411 12447  7  3 90  0  0
 0  0      0    125     15    441    0    0     0     0  757 12495  8  2 90  0  0
 0  0      0    125     15    441    0    0     0     0 1622 12893  6  7 87  0  0
 0  0      0    125     15    441    0    0     0     0 1187 8420  3  4 93  0  0
 2  0      0    125     15    441    0    0     0     0  607 11195  5  4 91  0  0
 1  0      0    125     15    441    0    0     0     0  371 3898  2  1 97  0  0
 0  0      0    125     15    441    0    0     0     4  541 10535  3  5 92  0  0
 0  0      0    125     15    441    0    0     0     0 1104 42211 29  9 61  0  1
 0  0      0    125     15    441    0    0     0     0 2817 15769  6  9 85  0  0
 0  0      0    125     15    441    0    0     0     0 2266 14188  8  5 87  0  0
 2  0      0    125     15    441    0    0     0     0  766 23897 14  7 79  0  0
 0  0      0    125     15    441    0    0     0     0  435 19079  7  6 87  0  0
 0  0      0    125     15    441    0    0     0    20  507 15721  5  7 88  0  0
 0  0      0    125     15    441    0    0     0     0 1643 10388  7  3 90  0  0
 0  0      0    125     15    441    0    0     0     0  687 4484  2  1 97  0  0
 0  0      0    125     15    441    0    0     0     0 4845 18534 10  9 81  0  0
 2  0      0    125     15    441    0    0     0     0 3162 11671  6  5 89  0  0
 0  0      0    125     15    441    0    0     0     0 6320 24102 15  9 76  0  0
 0  0      0    125     15    441    0    0     0     0 5059 20423 10 12 78  0  0
 4  0      0    125     15    441    0    0     0     0 5341 24112 13  9 78  0  0
 0  0      0    125     15    441    0    0     0     0 2767 11231  6  6 88  0  0
 0  0      0    125     15    441    0    0     0     0 2536 10012  4  5 91  0  0
 3  0      0    125     15    441    0    0     0     0 2653 10130  8  3 89  0  0
 0  0      0    125     15    441    0    0     0     0 8198 30505 20 13 67  0  0
 0  0      0    125     15    441    0    0     0     0 8898 35210 17 17 66  0  0
 0  0      0    125     15    441    0    0     0     0 2536 9240  7  4 89  0  0
 0  0      0    125     15    441    0    0     0    16 4060 15209  7  7 86  0  0
 0  0      0    125     15    441    0    0     0     0  903 3666  2  1 97  0  0
 3  0      0    125     15    441    0    0     0     0 3436 12913  9  6 85  0  0
 0  0      0    125     15    441    0    0     0     0 5903 24344 13 10 77  0  0
 0  0      0    125     15    441    0    0     0     0 4346 16977  5 10 85  0  0
 0  0      0    125     15    441    0    0     0     0 6551 24795 15  9 76  0  0
 2  0      0    125     15    441    0    0     0     0 4826 18226 12  8 80  0  0
 0  0      0    125     15    441    0    0     0     0 2658 9999  5  3 92  0  0
 4  0      0    125     15    441    0    0     0     0 6487 26242 14 11 75  0  0
 0  0      0    125     15    441    0    0     0     0 2419 11171  7  4 88  0  1
 0  0      0    123     15    441    0    0     0     8 3035 13657  8  4 88  0  0
 3  0      0    123     15    441    0    0     0     0 3632 17459  9 10 81  0  0
 0  0      0    123     15    441    0    0     0     0 4623 23513 10 10 80  0  0
 0  0      0    123     15    441    0    0     0     0 2245 9385  7  2 91  0  0
 3  0      0    123     15    441    0    0     0     0 1937 8769  4  4 92  0  0
 0  0      0    123     15    441    0    0     0     8 4051 17006  9  6 85  0  0
 0  0      0    123     15    441    0    0     0    48 2800 10121  7  3 90  0  0
 4  0      0    123     15    441    0    0     0     0 5022 21871 11 11 78  0  0
 0  0      0    123     15    441    0    0     0     0 5957 24870 10 15 75  0  0
 0  0      0    123     15    441    0    0     0     0 3385 14164  7  5 88  0  0
 3  0      0    123     15    441    0    0     0    28 4178 16924 10  8 82  0  0
 0  0      0    123     15    441    0    0     0     0 4670 19640 10  8 82  0  0
 0  0      0    123     15    441    0    0     0     0 4382 19536 10  9 81  0  0
 4  0      0    123     15    441    0    0     0     0 2165 9006  4  5 91  0  0
 0  0      0    123     15    441    0    0     0     0 3714 16983  8  6 86  0  0
 0  0      0    123     15    441    0    0     0     0 1736 6694  4  3 93  0  0
 3  0      0    123     15    441    0    0     0     0 1781 6731  5  3 92  0  0
 3  0      0    123     15    441    0    0     0     0 7550 33885 19 14 66  0  1
 0  0      0    123     15    441    0    0     0     0 4146 17194  6  9 85  0  0
 0  0      0    123     15    441    0    0     0     0 3007 12658  7  6 87  0  0
 0  0      0    123     15    441    0    0     0    16 6904 26537 14 13 73  0  0
 0  0      0    123     15    441    0    0     0     0 4948 19000  7 11 82  0  0
 0  0      0    123     15    441    0    0     0     0 1932 7290  5  2 93  0  0
 0  0      0    123     15    441    0    0     0     0 5773 22986 13 11 76  0  0
 0  0      0    123     15    441    0    0     0     0 11875 46624 26 23 51  0  0
 0  0      0    123     15    441    0    0     0     0 9897 40726 20 21 59  0  0
 0  0      0    123     15    441    0    0     0     0 3975 15337  9  6 85  0  0
 0  0      0    123     15    441    0    0     0     0 2993 11487  7  5 88  0  0
 0  0      0    123     15    441    0    0     0     0 2843 11231  4  7 89  0  0
 0  0      0    123     15    441    0    0     0     0 5537 20514 12  7 81  0  0
 0  0      0    123     15    441    0    0     0     0 3928 15903  7  9 84  0  0
 0  0      0    123     15    441    0    0     0     0 3363 13097  9  4 87  0  0
 0  0      0    123     15    441    0    0     0     0 1078 3811  3  1 96  0  0
 0  0      0    123     15    441    0    0     0     0 2798 11361  5  5 90  0  0
 1  0      0    123     15    441    0    0     0     0 6390 24489 14 11 75  0  0
 3  0      0    123     15    441    0    0     0     4 3733 14059  6  7 87  0  0
 0  0      0    123     15    441    0    0     0    20 11556 44943 28 19 53  0  0
 0  0      0    123     15    441    0    0     0     0 3368 13302  6  7 87  0  0
 2  0      0    123     15    441    0    0     0     0 9294 35303 21 15 64  0  0
 0  0      0    123     15    441    0    0     0     0 1785 6501  2  5 93  0  0
 0  0      0    123     15    441    0    0     0     8 2769 10334  8  3 89  0  0
 4  0      0    123     15    441    0    0     0     0 5398 21501 11  9 80  0  0
 0  0      0    123     15    441    0    0     0     0 1784 6854  3  5 92  0  0
 0  0      0    123     15    441    0    0     0     0  160  377  0  0 100  0  0
 0  0      0    123     15    441    0    0     0     0  201  761  0  0 100  0  0
 0  0      0    123     15    441    0    0     0     0  171  642  0  0 100  0  0
 0  0      0    123     15    441    0    0     0     0  161  708  0  0 100  0  0
 0  0      0    123     15    441    0    0     0     0  167  666  0  0 100  0  0
 0  0      0    123     15    441    0    0     0     0  196  754  0  0 100  0  0
 0  0      0    123     15    441    0    0     0     0  164  667  0  0 99  0  1
 0  0      0    122     15    441    0    0     0    16  183  732  0  1 99  0  0
 0  0      0    122     15    441    0    0     0     0  178  658  1  0 99  0  0
 0  0      0    121     15    442    0    0     0     0  238  819  5  1 94  0  0
 0  0      0    117     15    442    0    0     0     0  232  610  0  1 99  0  0
 0  0      0    121     15    442    0    0     0     0  255  874 14  6 80  0  0
 0  0      0    121     15    442    0    0     0     0  171  676  0  0 100  0  0
